Dimension_0	Dimension_1	Dimension_2	Dimension_3	Dimension_4	DataSet	KxCount	Weight	TargetMean	Variance	NormalProfit
0	0	0	0	0	0	22	22	0.22727272727272727	0.0024596615505706413	0
0	0	0	0	1	0	19	19	0.15789473684210525	0.039396737457679278	0
0	0	0	0	2	0	11	11	0.090909090909090925	0.00082644628099173573	0
0	0	0	0	3	0	5	5	0.20000000000000001	0.010000000000000002	0
0	0	0	0	0	1	6	6	0	0	0
0	0	0	0	1	1	12	12	0.083333333333333343	0.00063131313131313137	0
0	0	0	0	2	1	4	4	0	0	0
0	0	0	1	0	0	2	2	0.5	0.25	0
0	0	0	1	1	0	8	8	0	0	0
0	0	0	1	2	0	2	2	0.5	0.25	0
0	0	0	1	3	0	2	2	0	0	0
0	0	0	1	0	1	1	1	0	0	0
0	0	0	1	1	1	3	3	0	0	0
0	0	0	1	2	1	1	1	0	0	0
0	0	0	1	3	1	1	1	0	0	0
0	0	0	2	0	0	6	6	0.16666666666666669	0.0055555555555555558	0
0	0	0	2	1	0	14	14	0.14285714285714288	0.0015698587127158559	0
0	0	0	2	2	0	6	6	0.16666666666666669	0.0055555555555555558	0
0	0	0	2	0	1	3	3	0.33333333333333337	0.055555555555555552	0
0	0	0	2	1	1	4	4	0.5	0.083333333333333329	0
0	0	0	2	3	1	1	1	0	0	0
0	0	0	3	0	0	15	15	0.13333333333333333	0.0012698412698412696	0
0	0	0	3	1	0	32	32	0.093750000000000014	0.00028351814516129034	0
0	0	0	3	2	0	10	10	0.099999999999999992	0.0011111111111111109	0
0	0	0	3	3	0	8	8	0.375	0.020089285714285719	0
0	0	0	3	0	1	7	7	0	0	0
0	0	0	3	1	1	6	6	0.33333333333333337	0.022222222222222223	0
0	0	0	3	2	1	5	5	0	0	0
0	0	0	3	3	1	2	2	0	0	0
0	0	0	4	0	0	1	1	1	0	0
0	0	0	4	1	0	3	3	0	0	0
0	0	0	4	2	0	1	1	0	0	0
0	0	0	4	3	0	1	1	0	0	0
0	0	0	4	0	1	1	1	1	0	0
0	0	0	4	1	1	2	2	0.5	0.25	0
0	0	1	0	0	0	17	17	0	0	0
0	0	1	0	1	0	20	20	0.049999999999999996	0.00013157894736842105	0
0	0	1	0	2	0	11	11	0	0	0
0	0	1	0	3	0	1	1	0	0	0
0	0	1	0	0	1	4	4	0	0	0
0	0	1	0	1	1	15	15	0.066666666666666666	0.00031746031746031741	0
0	0	1	0	2	1	3	3	0	0	0
0	0	1	0	3	1	2	2	0.5	0.25	0
0	0	1	1	1	0	4	4	0	0	0
0	0	1	1	2	0	1	1	0	0	0
0	0	1	1	3	0	1	1	0	0	0
0	0	1	1	0	1	1	1	0	0	0
0	0	1	1	1	1	1	1	0	0	0
0	0	1	1	2	1	1	1	0	0	0
0	0	1	2	0	0	7	7	0	0	0
0	0	1	2	1	0	18	18	0	0	0
0	0	1	2	2	0	7	7	0	0	0
0	0	1	2	3	0	1	1	0	0	0
0	0	1	2	0	1	3	3	0	0	0
0	0	1	2	1	1	2	2	0	0	0
0	0	1	2	2	1	3	3	0	0	0
0	0	1	2	3	1	2	2	0	0	0
0	0	1	3	0	0	13	13	0.076923076923076927	0.00049309664694280092	0
0	0	1	3	1	0	39	39	0.10256410256410257	0.00027682618775736189	0
0	0	1	3	2	0	13	13	0	0	0
0	0	1	3	3	0	9	9	0.22222222222222221	0.0061728395061728392	0
0	0	1	3	0	1	5	5	0.20000000000000001	0.010000000000000002	0
0	0	1	3	1	1	9	9	0	0	0
0	0	1	3	2	1	3	3	0	0	0
0	0	1	3	3	1	2	2	0	0	0
0	0	1	4	0	0	4	4	0.5	0.083333333333333343	0
0	0	1	4	1	0	6	6	0.33333333333333337	0.022222222222222223	0
0	0	1	4	3	0	1	1	0	0	0
0	0	1	4	1	1	2	2	0.5	0.25	0
0	0	1	4	2	1	1	1	0	0	0
0	1	0	0	0	0	9	9	0.1111111111111111	0.0015432098765432098	0
0	1	0	0	1	0	27	27	0.25925925925925924	0.0025852062889099923	0
0	1	0	0	2	0	8	8	0.25000000000000006	0.0089285714285714315	0
0	1	0	0	3	0	3	3	0.33333333333333337	0.055555555555555552	0
0	1	0	0	0	1	5	5	0	0	0
0	1	0	0	1	1	2	2	0.5	0.25	0
0	1	0	0	2	1	3	3	0.33333333333333337	0.055555555555555552	0
0	1	0	0	3	1	4	4	0	0	0
0	1	0	1	0	0	4	4	0.25	0.1875	0
0	1	0	1	1	0	5	5	0	0	0
0	1	0	1	2	0	4	4	0	0	0
0	1	0	1	3	0	2	2	0.5	0.25	0
0	1	0	1	0	1	1	1	0	0	0
0	1	0	1	2	1	1	1	0	0	0
0	1	0	2	0	0	12	12	0.41666666666666663	0.030934343434343443	0
0	1	0	2	1	0	18	18	0.22222222222222221	0.0029048656499636896	0
0	1	0	2	2	0	7	7	0	0	0
0	1	0	2	0	1	2	2	0.5	0.25	0
0	1	0	2	1	1	11	11	0.27272727272727276	0.0074380165289256225	0
0	1	0	2	2	1	2	2	0	0	0
0	1	0	2	3	1	2	2	0.5	0.25	0
0	1	0	3	0	0	14	14	0.14285714285714288	0.0015698587127158559	0
0	1	0	3	1	0	25	25	0.24000000000000005	0.0024000000000000011	0
0	1	0	3	2	0	15	15	0.13333333333333336	0.0012698412698412701	0
0	1	0	3	3	0	7	7	0.4285714285714286	0.054421768707482984	0
0	1	0	3	0	1	5	5	0	0	0
0	1	0	3	1	1	10	10	0	0	0
0	1	0	3	2	1	3	3	0	0	0
0	1	0	3	3	1	3	3	0.33333333333333331	0.22222222222222221	0
0	1	0	4	0	0	3	3	0	0	0
0	1	0	4	1	0	5	5	0.40000000000000002	0.040000000000000008	0
0	1	0	4	2	0	3	3	0	0	0
0	1	0	4	3	0	1	1	1	0	0
0	1	0	4	0	1	1	1	0	0	0
0	1	1	0	0	0	23	23	0.086956521739130432	0.00034370166695308463	0
0	1	1	0	1	0	21	21	0.14285714285714288	0.0010204081632653062	0
0	1	1	0	2	0	2	2	0.5	0.25	0
0	1	1	0	3	0	8	8	0.375	0.055803571428571432	0
0	1	1	0	0	1	3	3	0	0	0
0	1	1	0	1	1	10	10	0.29999999999999999	0.01	0
0	1	1	0	2	1	2	2	0	0	0
0	1	1	0	3	1	1	1	0	0	0
0	1	1	1	0	0	1	1	0	0	0
0	1	1	1	1	0	10	10	0	0	0
0	1	1	1	3	0	3	3	0	0	0
0	1	1	1	0	1	2	2	0	0	0
0	1	1	1	2	1	1	1	0	0	0
0	1	1	1	3	1	1	1	1	0	0
0	1	1	2	0	0	2	2	0	0	0
0	1	1	2	1	0	10	10	0.20000000000000001	0.071111111111111097	0
0	1	1	2	2	0	3	3	0	0	0
0	1	1	2	3	0	1	1	0	0	0
0	1	1	2	0	1	3	3	0.33333333333333331	0.22222222222222221	0
0	1	1	2	1	1	2	2	0	0	0
0	1	1	2	2	1	1	1	0	0	0
0	1	1	3	0	0	11	11	0.090909090909090912	0.00082644628099173573	0
0	1	1	3	1	0	34	34	0.11764705882352944	0.00041941910454021208	0
0	1	1	3	2	0	11	11	0	0	0
0	1	1	3	3	0	5	5	0	0	0
0	1	1	3	0	1	4	4	0	0	0
0	1	1	3	1	1	13	13	0.076923076923076913	0.00049309664694280071	0
0	1	1	3	2	1	3	3	0	0	0
0	1	1	3	3	1	2	2	0	0	0
0	1	1	4	0	0	1	1	0	0	0
0	1	1	4	1	0	8	8	0.5	0.035714285714285712	0
0	1	1	4	2	0	5	5	0.20000000000000001	0.16000000000000003	0
0	1	1	4	0	1	1	1	0	0	0
0	1	1	4	1	1	5	5	0.59999999999999998	0.040000000000000008	0
0	1	1	4	2	1	2	2	0.5	0.25	0
0	1	1	4	3	1	1	1	1	0	0
0	2	0	0	0	0	16	16	0.125	0.0010416666666666667	0
0	2	0	0	1	0	22	22	0.22727272727272732	0.0024596615505706422	0
0	2	0	0	2	0	14	14	0.35714285714285715	0.0098116169544740992	0
0	2	0	0	3	0	6	6	0.33333333333333337	0.088888888888888892	0
0	2	0	0	0	1	6	6	0.16666666666666669	0.0055555555555555558	0
0	2	0	0	1	1	13	13	0.30769230769230765	0.039940828402366874	0
0	2	0	0	2	1	4	4	0	0	0
0	2	0	0	3	1	4	4	0.75	0.020833333333333325	0
0	2	0	1	0	0	2	2	0.5	0.25	0
0	2	0	1	1	0	2	2	0	0	0
0	2	0	1	3	0	1	1	0	0	0
0	2	0	1	0	1	2	2	0	0	0
0	2	0	1	2	1	1	1	1	0	0
0	2	0	2	0	0	5	5	0	0	0
0	2	0	2	1	0	13	13	0.38461538461538458	0.012327416173570017	0
0	2	0	2	2	0	7	7	0.14285714285714288	0.0034013605442176878	0
0	2	0	2	3	0	4	4	0.5	0.083333333333333343	0
0	2	0	2	0	1	5	5	0.40000000000000002	0.040000000000000008	0
0	2	0	2	1	1	5	5	0	0	0
0	2	0	2	2	1	2	2	0	0	0
0	2	0	2	3	1	2	2	0	0	0
0	2	0	3	0	0	9	9	0.44444444444444442	0.024691358024691357	0
0	2	0	3	1	0	17	17	0.23529411764705888	0.0034602076124567488	0
0	2	0	3	2	0	13	13	0.23076923076923078	0.049309664694280067	0
0	2	0	3	3	0	6	6	0.83333333333333337	0.0055555555555555532	0
0	2	0	3	0	1	3	3	0	0	0
0	2	0	3	1	1	8	8	0.625	0.055803571428571432	0
0	2	0	3	2	1	2	2	0	0	0
0	2	0	3	3	1	1	1	0	0	0
0	2	0	4	0	0	2	2	0	0	0
0	2	0	4	1	0	4	4	0.25	0.020833333333333336	0
0	2	0	4	2	0	1	1	0	0	0
0	2	0	4	3	0	2	2	0.5	0.25	0
0	2	0	4	1	1	2	2	0	0	0
0	2	0	4	3	1	1	1	0	0	0
0	2	1	0	0	0	19	19	0.26315789473684209	0.0038473376423514933	0
0	2	1	0	1	0	29	29	0.20689655172413793	0.0015287922541192458	0
0	2	1	0	2	0	6	6	0.16666666666666669	0.0055555555555555558	0
0	2	1	0	3	0	5	5	0.20000000000000001	0.010000000000000002	0
0	2	1	0	0	1	5	5	0.20000000000000001	0.16000000000000003	0
0	2	1	0	1	1	9	9	0.1111111111111111	0.0015432098765432098	0
0	2	1	0	2	1	6	6	0	0	0
0	2	1	0	3	1	5	5	0.40000000000000002	0.089999999999999997	0
0	2	1	1	0	0	3	3	0	0	0
0	2	1	1	1	0	4	4	0.25	0.020833333333333336	0
0	2	1	1	2	0	2	2	0	0	0
0	2	1	1	3	0	2	2	0	0	0
0	2	1	1	0	1	1	1	0	0	0
0	2	1	2	0	0	3	3	0	0	0
0	2	1	2	1	0	16	16	0.12500000000000003	0.0010416666666666671	0
0	2	1	2	2	0	2	2	0	0	0
0	2	1	2	3	0	1	1	0	0	0
0	2	1	2	0	1	1	1	0	0	0
0	2	1	2	1	1	7	7	0	0	0
0	2	1	2	3	1	2	2	0.5	0.25	0
0	2	1	3	0	0	16	16	0.25	0.037500000000000006	0
0	2	1	3	1	0	23	23	0.043478260869565223	8.5925416738271213e-005	0
0	2	1	3	2	0	10	10	0	0	0
0	2	1	3	3	0	8	8	0	0	0
0	2	1	3	0	1	4	4	0	0	0
0	2	1	3	1	1	12	12	0.16666666666666669	0.0025252525252525255	0
0	2	1	3	2	1	8	8	0	0	0
0	2	1	3	3	1	2	2	0	0	0
0	2	1	4	0	0	5	5	0.20000000000000001	0.010000000000000002	0
0	2	1	4	1	0	3	3	0.66666666666666663	0.055555555555555552	0
0	2	1	4	2	0	1	1	0	0	0
0	2	1	4	0	1	1	1	0	0	0
0	2	1	4	1	1	2	2	0.5	0.25	0
0	2	1	4	3	1	1	1	0	0	0
1	0	0	0	0	0	42	42	0.023809523809523815	1.3826668878933692e-005	0
1	0	0	0	1	0	87	87	0.068965517241379323	5.5305146143848698e-005	0
1	0	0	0	2	0	34	34	0.029411764705882353	2.6213694033763241e-005	0
1	0	0	0	3	0	10	10	0.099999999999999992	0.0011111111111111109	0
1	0	0	0	0	1	16	16	0.1875	0.0023437500000000003	0
1	0	0	0	1	1	40	40	0.12500000000000003	0.00040064102564102574	0
1	0	0	0	2	1	14	14	0	0	0
1	0	0	0	3	1	5	5	0.20000000000000001	0.16000000000000003	0
1	0	0	1	0	0	11	11	0	0	0
1	0	0	1	1	0	14	14	0	0	0
1	0	0	1	2	0	6	6	0	0	0
1	0	0	1	3	0	4	4	0.25	0.020833333333333336	0
1	0	0	1	0	1	3	3	0	0	0
1	0	0	1	1	1	3	3	0	0	0
1	0	0	1	2	1	5	5	0	0	0
1	0	0	1	3	1	1	1	0	0	0
1	0	0	2	0	0	24	24	0.083333333333333343	0.00030193236714975849	0
1	0	0	2	1	0	41	41	0.048780487804878044	5.9488399762046407e-005	0
1	0	0	2	2	0	16	16	0	0	0
1	0	0	2	3	0	9	9	0	0	0
1	0	0	2	0	1	9	9	0	0	0
1	0	0	2	1	1	24	24	0	0	0
1	0	0	2	2	1	5	5	0	0	0
1	0	0	2	3	1	6	6	0	0	0
1	0	0	3	0	0	59	59	0.033898305084745763	1.9811984269284489e-005	0
1	0	0	3	1	0	101	101	0.089108910891089105	7.9403980001960576e-005	0
1	0	0	3	2	0	34	34	0	0	0
1	0	0	3	3	0	16	16	0	0	0
1	0	0	3	0	1	22	22	0.13636363636363635	0.00088547815820543072	0
1	0	0	3	1	1	30	30	0.033333333333333333	3.8314176245210727e-005	0
1	0	0	3	2	1	18	18	0.11111111111111113	0.00072621641249092251	0
1	0	0	3	3	1	4	4	0	0	0
1	0	0	4	0	0	7	7	0	0	0
1	0	0	4	1	0	11	11	0.090909090909090912	0.082644628099173556	0
1	0	0	4	2	0	5	5	0.40000000000000002	0.040000000000000008	0
1	0	0	4	3	0	1	1	0	0	0
1	0	0	4	0	1	1	1	0	0	0
1	0	0	4	1	1	1	1	0	0	0
1	0	0	4	3	1	1	1	0	0	0
1	0	1	0	0	0	52	52	0.057692307692307702	6.5262791507135441e-005	0
1	0	1	0	1	0	99	99	0.060606060606060615	3.7480556961076448e-005	0
1	0	1	0	2	0	38	38	0	0	0
1	0	1	0	3	0	12	12	0.24999999999999997	0.0056818181818181811	0
1	0	1	0	0	1	20	20	0.049999999999999996	0.00013157894736842105	0
1	0	1	0	1	1	41	41	0.048780487804878044	5.9488399762046407e-005	0
1	0	1	0	2	1	4	4	0	0	0
1	0	1	0	3	1	9	9	0	0	0
1	0	1	1	0	0	8	8	0	0	0
1	0	1	1	1	0	17	17	0	0	0
1	0	1	1	2	0	11	11	0	0	0
1	0	1	1	3	0	3	3	0	0	0
1	0	1	1	0	1	6	6	0	0	0
1	0	1	1	1	1	6	6	0	0	0
1	0	1	1	3	1	1	1	0	0	0
1	0	1	2	0	0	30	30	0	0	0
1	0	1	2	1	0	53	53	0.037735849056603779	2.7384505846591998e-005	0
1	0	1	2	2	0	13	13	0	0	0
1	0	1	2	3	0	4	4	0	0	0
1	0	1	2	0	1	5	5	0	0	0
1	0	1	2	1	1	18	18	0	0	0
1	0	1	2	2	1	6	6	0	0	0
1	0	1	2	3	1	2	2	0	0	0
1	0	1	3	0	0	41	41	0.04878048780487805	5.9488399762046407e-005	0
1	0	1	3	1	0	102	102	0.019607843137254905	3.8066090346058836e-006	0
1	0	1	3	2	0	32	32	0.031250000000000007	3.1502016129032271e-005	0
1	0	1	3	3	0	12	12	0.16666666666666666	0.002525252525252525	0
1	0	1	3	0	1	15	15	0	0	0
1	0	1	3	1	1	30	30	0.066666666666666666	0.00015325670498084291	0
1	0	1	3	2	1	15	15	0	0	0
1	0	1	3	3	1	5	5	0.20000000000000001	0.010000000000000002	0
1	0	1	4	0	0	5	5	0	0	0
1	0	1	4	1	0	11	11	0.1818181818181818	0.0033057851239669421	0
1	0	1	4	2	0	4	4	0	0	0
1	0	1	4	3	0	2	2	0	0	0
1	0	1	4	0	1	2	2	0	0	0
1	0	1	4	1	1	3	3	0	0	0
1	0	1	4	2	1	1	1	0	0	0
1	0	1	4	3	1	1	1	0	0	0
1	1	0	0	0	0	60	60	0.1833333333333334	0.00056967984934086665	0
1	1	0	0	1	0	77	77	0.12987012987012986	0.00022192435042742628	0
1	1	0	0	2	0	22	22	0.090909090909090925	0.00039354584809130278	0
1	1	0	0	3	0	20	20	0.099999999999999992	0.0005263157894736842	0
1	1	0	0	0	1	14	14	0.14285714285714285	0.0015698587127158554	0
1	1	0	0	1	1	26	26	0.26923076923076922	0.0028994082840236683	0
1	1	0	0	2	1	13	13	0.076923076923076927	0.00049309664694280092	0
1	1	0	0	3	1	5	5	0.20000000000000001	0.010000000000000002	0
1	1	0	1	0	0	9	9	0	0	0
1	1	0	1	1	0	15	15	0.20000000000000004	0.0028571428571428584	0
1	1	0	1	2	0	4	4	0	0	0
1	1	0	1	3	0	3	3	0	0	0
1	1	0	1	0	1	3	3	0	0	0
1	1	0	1	1	1	7	7	0	0	0
1	1	0	1	2	1	3	3	0	0	0
1	1	0	2	0	0	18	18	0	0	0
1	1	0	2	1	0	34	34	0.23529411764705882	0.0016776764181608474	0
1	1	0	2	2	0	11	11	0	0	0
1	1	0	2	3	0	8	8	0.375	0.055803571428571432	0
1	1	0	2	0	1	10	10	0	0	0
1	1	0	2	1	1	18	18	0.055555555555555552	0.0001815541031227306	0
1	1	0	2	2	1	7	7	0	0	0
1	1	0	2	3	1	3	3	0	0	0
1	1	0	3	0	0	49	49	0.081632653061224511	0.00013883104262113016	0
1	1	0	3	1	0	86	86	0.069767441860465143	5.7264658161804522e-005	0
1	1	0	3	2	0	28	28	0.035714285714285726	4.7241118669690127e-005	0
1	1	0	3	3	0	13	13	0.38461538461538464	0.012327416173570022	0
1	1	0	3	0	1	16	16	0.12500000000000003	0.0010416666666666671	0
1	1	0	3	1	1	42	42	0.23809523809523808	0.0013826668878933687	0
1	1	0	3	2	1	14	14	0.071428571428571425	0.00039246467817896386	0
1	1	0	3	3	1	9	9	0.1111111111111111	0.0015432098765432098	0
1	1	0	4	0	0	6	6	0.33333333333333337	0.022222222222222223	0
1	1	0	4	1	0	13	13	0.30769230769230771	0.0078895463510848148	0
1	1	0	4	2	0	4	4	0.25	0.020833333333333336	0
1	1	0	4	3	0	3	3	0.66666666666666663	0.055555555555555552	0
1	1	0	4	0	1	2	2	0.5	0.25	0
1	1	0	4	1	1	5	5	0	0	0
1	1	0	4	3	1	1	1	0	0	0
1	1	1	0	0	0	41	41	0	0	0
1	1	1	0	1	0	91	91	0.054945054945054944	3.3543989587945632e-005	0
1	1	1	0	2	0	30	30	0.03333333333333334	3.831417624521074e-005	0
1	1	1	0	3	0	11	11	0.27272727272727271	0.007438016528925619	0
1	1	1	0	0	1	17	17	0.1764705882352941	0.042387543252595153	0
1	1	1	0	1	1	27	27	0.074074074074074098	0.0002110372480742852	0
1	1	1	0	2	1	10	10	0	0	0
1	1	1	0	3	1	2	2	0	0	0
1	1	1	1	0	0	12	12	0.16666666666666669	0.0025252525252525255	0
1	1	1	1	1	0	19	19	0.052631578947368432	0.00015389350569405976	0
1	1	1	1	2	0	5	5	0	0	0
1	1	1	1	0	1	1	1	0	0	0
1	1	1	1	1	1	4	4	0	0	0
1	1	1	1	2	1	1	1	0	0	0
1	1	1	2	0	0	28	28	0.10714285714285716	0.00042517006802721103	0
1	1	1	2	1	0	45	45	0.022222222222222223	1.122334455667789e-005	0
1	1	1	2	2	0	16	16	0	0	0
1	1	1	2	3	0	2	2	0	0	0
1	1	1	2	0	1	9	9	0.11111111111111113	0.0015432098765432104	0
1	1	1	2	1	1	13	13	0	0	0
1	1	1	2	2	1	4	4	0	0	0
1	1	1	2	3	1	3	3	0	0	0
1	1	1	3	0	0	50	50	0	0	0
1	1	1	3	1	0	93	93	0.043010752688172046	2.0107878769598904e-005	0
1	1	1	3	2	0	35	35	0	0	0
1	1	1	3	3	0	15	15	0.06666666666666668	0.00031746031746031751	0
1	1	1	3	0	1	12	12	0	0	0
1	1	1	3	1	1	36	36	0.055555555555555552	8.8183421516754856e-005	0
1	1	1	3	2	1	14	14	0.071428571428571425	0.00039246467817896386	0
1	1	1	3	3	1	11	11	0	0	0
1	1	1	4	0	0	7	7	0.14285714285714288	0.0034013605442176878	0
1	1	1	4	1	0	13	13	0.23076923076923075	0.0044378698224852055	0
1	1	1	4	2	0	6	6	0.16666666666666669	0.0055555555555555558	0
1	1	1	4	3	0	3	3	0	0	0
1	1	1	4	1	1	5	5	0.20000000000000001	0.010000000000000002	0
1	1	1	4	2	1	2	2	0.5	0.25	0
1	2	0	0	0	0	49	49	0.061224489795918359	7.8092461474385652e-005	0
1	2	0	0	1	0	85	85	0.20000000000000004	0.0004761904761904763	0
1	2	0	0	2	0	24	24	0.16666666666666666	0.001207729468599034	0
1	2	0	0	3	0	15	15	0.46666666666666667	0.015555555555555555	0
1	2	0	0	0	1	14	14	0.3571428571428571	0.0098116169544740957	0
1	2	0	0	1	1	35	35	0.22857142857142862	0.001536614645858344	0
1	2	0	0	2	1	14	14	0.35714285714285715	0.031789638932496075	0
1	2	0	0	3	1	3	3	0.33333333333333331	0.22222222222222221	0
1	2	0	1	0	0	12	12	0.24999999999999997	0.0056818181818181811	0
1	2	0	1	1	0	18	18	0.055555555555555566	0.00018155410312273063	0
1	2	0	1	2	0	6	6	0.16666666666666669	0.0055555555555555558	0
1	2	0	1	3	0	2	2	0	0	0
1	2	0	1	0	1	2	2	0	0	0
1	2	0	1	1	1	6	6	0	0	0
1	2	0	1	2	1	1	1	0	0	0
1	2	0	1	3	1	2	2	0.5	0.25	0
1	2	0	2	0	0	18	18	0.22222222222222221	0.0029048656499636896	0
1	2	0	2	1	0	31	31	0.16129032258064518	0.00086715227193895263	0
1	2	0	2	2	0	10	10	0.10000000000000001	0.090000000000000024	0
1	2	0	2	3	0	5	5	0.20000000000000001	0.16000000000000003	0
1	2	0	2	0	1	11	11	0.090909090909090912	0.082644628099173556	0
1	2	0	2	1	1	12	12	0.16666666666666666	0.002525252525252525	0
1	2	0	2	2	1	2	2	0	0	0
1	2	0	2	3	1	3	3	0	0	0
1	2	0	3	0	0	50	50	0.22000000000000003	0.00098775510204081665	0
1	2	0	3	1	0	114	114	0.1403508771929825	0.00017432184715787305	0
1	2	0	3	2	0	30	30	0.13333333333333336	0.00061302681992337184	0
1	2	0	3	3	0	23	23	0.13043478260869565	0.00077332875064444048	0
1	2	0	3	0	1	17	17	0.11764705882352941	0.00086505190311418688	0
1	2	0	3	1	1	24	24	0.20833333333333337	0.0018870772946859911	0
1	2	0	3	2	1	11	11	0.27272727272727276	0.0074380165289256225	0
1	2	0	3	3	1	5	5	0.40000000000000002	0.040000000000000008	0
1	2	0	4	0	0	8	8	0.12500000000000003	0.0022321428571428579	0
1	2	0	4	1	0	12	12	0.24999999999999997	0.0056818181818181811	0
1	2	0	4	2	0	9	9	0.33333333333333331	0.013888888888888888	0
1	2	0	4	3	0	3	3	0	0	0
1	2	0	4	1	1	8	8	0.12500000000000003	0.0022321428571428579	0
1	2	0	4	2	1	1	1	0	0	0
1	2	0	4	3	1	1	1	0	0	0
1	2	1	0	0	0	53	53	0.094339622641509455	0.00017115316154120005	0
1	2	1	0	1	0	106	106	0.16981132075471703	0.0065639356490193078	0
1	2	1	0	2	0	30	30	0.10000000000000002	0.00034482758620689669	0
1	2	1	0	3	0	16	16	0.0625	0.00026041666666666666	0
1	2	1	0	0	1	12	12	0.16666666666666669	0.0025252525252525255	0
1	2	1	0	1	1	28	28	0.035714285714285719	4.7241118669690106e-005	0
1	2	1	0	2	1	14	14	0.071428571428571438	0.00039246467817896397	0
1	2	1	0	3	1	3	3	0.33333333333333331	0.22222222222222221	0
1	2	1	1	0	0	8	8	0	0	0
1	2	1	1	1	0	16	16	0	0	0
1	2	1	1	2	0	2	2	0	0	0
1	2	1	1	3	0	3	3	0	0	0
1	2	1	1	0	1	5	5	0	0	0
1	2	1	1	1	1	5	5	0	0	0
1	2	1	1	2	1	1	1	0	0	0
1	2	1	1	3	1	1	1	0	0	0
1	2	1	2	0	0	20	20	0.099999999999999992	0.0005263157894736842	0
1	2	1	2	1	0	41	41	0.024390243902439025	1.4872099940511602e-005	0
1	2	1	2	2	0	17	17	0	0	0
1	2	1	2	3	0	2	2	0	0	0
1	2	1	2	0	1	6	6	0	0	0
1	2	1	2	1	1	17	17	0.058823529411764719	0.0002162629757785468	0
1	2	1	2	2	1	7	7	0.14285714285714285	0.12244897959183673	0
1	2	1	2	3	1	3	3	0	0	0
1	2	1	3	0	0	48	48	0.14583333333333337	0.00045249704491725801	0
1	2	1	3	1	0	95	95	0.042105263157894743	1.8860140272293281e-005	0
1	2	1	3	2	0	34	34	0.088235294117647078	0.00023592324630386917	0
1	2	1	3	3	0	18	18	0.055555555555555566	0.00018155410312273063	0
1	2	1	3	0	1	21	21	0.095238095238095233	0.00045351473922902491	0
1	2	1	3	1	1	35	35	0.085714285714285729	0.00021608643457382966	0
1	2	1	3	2	1	9	9	0	0	0
1	2	1	3	3	1	3	3	0.33333333333333337	0.055555555555555552	0
1	2	1	4	0	0	6	6	0	0	0
1	2	1	4	1	0	11	11	0.27272727272727271	0.007438016528925619	0
1	2	1	4	2	0	2	2	1	0	0
1	2	1	4	3	0	1	1	1	0	0
1	2	1	4	0	1	1	1	0	0	0
1	2	1	4	1	1	10	10	0.20000000000000004	0.0044444444444444462	0
2	0	0	0	0	0	29	29	0.034482758620689655	4.2466451503312388e-005	0
2	0	0	0	1	0	46	46	0.021739130434782612	1.0501995379122039e-005	0
2	0	0	0	2	0	22	22	0	0	0
2	0	0	0	3	0	10	10	0	0	0
2	0	0	0	0	1	9	9	0.1111111111111111	0.0015432098765432098	0
2	0	0	0	1	1	26	26	0.038461538461538464	5.9171597633136087e-005	0
2	0	0	0	2	1	4	4	0	0	0
2	0	0	0	3	1	3	3	0	0	0
2	0	0	1	0	0	7	7	0	0	0
2	0	0	1	1	0	13	13	0	0	0
2	0	0	1	2	0	5	5	0.20000000000000001	0.16000000000000003	0
2	0	0	1	0	1	1	1	0	0	0
2	0	0	1	1	1	4	4	0	0	0
2	0	0	2	0	0	13	13	0.076923076923076913	0.00049309664694280071	0
2	0	0	2	1	0	33	33	0.030303030303030311	2.8696051423324164e-005	0
2	0	0	2	2	0	6	6	0	0	0
2	0	0	2	3	0	6	6	0	0	0
2	0	0	2	0	1	4	4	0	0	0
2	0	0	2	1	1	9	9	0	0	0
2	0	0	2	2	1	2	2	0	0	0
2	0	0	2	3	1	2	2	0	0	0
2	0	0	3	0	0	37	37	0.027027027027027029	0.026296566837107384	0
2	0	0	3	1	0	48	48	0.041666666666666671	3.6938534278959817e-005	0
2	0	0	3	2	0	25	25	0.039999999999999994	6.6666666666666643e-005	0
2	0	0	3	3	0	15	15	0.13333333333333333	0.0012698412698412696	0
2	0	0	3	0	1	10	10	0.10000000000000002	0.0011111111111111115	0
2	0	0	3	1	1	22	22	0	0	0
2	0	0	3	2	1	6	6	0	0	0
2	0	0	3	3	1	3	3	0.33333333333333331	0.22222222222222221	0
2	0	0	4	0	0	3	3	0	0	0
2	0	0	4	1	0	8	8	0.125	0.002232142857142857	0
2	0	0	4	3	0	2	2	0	0	0
2	0	0	4	0	1	2	2	0	0	0
2	0	0	4	1	1	6	6	0	0	0
2	0	0	4	2	1	1	1	0	0	0
2	0	1	0	0	0	27	27	0	0	0
2	0	1	0	1	0	48	48	0.041666666666666664	3.693853427895981e-005	0
2	0	1	0	2	0	17	17	0	0	0
2	0	1	0	3	0	6	6	0	0	0
2	0	1	0	0	1	9	9	0	0	0
2	0	1	0	1	1	15	15	0	0	0
2	0	1	0	2	1	9	9	0	0	0
2	0	1	0	3	1	4	4	0.25	0.020833333333333332	0
2	0	1	1	0	0	9	9	0.1111111111111111	0.0015432098765432098	0
2	0	1	1	1	0	14	14	0.071428571428571425	0.00039246467817896386	0
2	0	1	1	2	0	4	4	0	0	0
2	0	1	1	3	0	3	3	0	0	0
2	0	1	1	0	1	2	2	0	0	0
2	0	1	1	1	1	6	6	0	0	0
2	0	1	1	2	1	1	1	0	0	0
2	0	1	2	0	0	14	14	0	0	0
2	0	1	2	1	0	23	23	0.043478260869565216	8.5925416738271158e-005	0
2	0	1	2	2	0	11	11	0	0	0
2	0	1	2	3	0	6	6	0	0	0
2	0	1	2	0	1	6	6	0.16666666666666669	0.0055555555555555558	0
2	0	1	2	1	1	15	15	0	0	0
2	0	1	2	2	1	5	5	0	0	0
2	0	1	2	3	1	2	2	0	0	0
2	0	1	3	0	0	36	36	0	0	0
2	0	1	3	1	0	64	64	0.031250000000000014	1.5500992063492076e-005	0
2	0	1	3	2	0	32	32	0	0	0
2	0	1	3	3	0	13	13	0	0	0
2	0	1	3	0	1	15	15	0	0	0
2	0	1	3	1	1	21	21	0	0	0
2	0	1	3	2	1	9	9	0	0	0
2	0	1	3	3	1	1	1	0	0	0
2	0	1	4	0	0	3	3	0	0	0
2	0	1	4	1	0	6	6	0.16666666666666669	0.0055555555555555558	0
2	0	1	4	2	0	3	3	0	0	0
2	0	1	4	3	0	1	1	0	0	0
2	0	1	4	1	1	3	3	0	0	0
2	1	0	0	0	0	28	28	0	0	0
2	1	0	0	1	0	57	57	0.12280701754385967	0.00026931363496460458	0
2	1	0	0	2	0	21	21	0.047619047619047616	0.00011337868480725623	0
2	1	0	0	3	0	9	9	0.22222222222222221	0.0061728395061728392	0
2	1	0	0	0	1	10	10	0	0	0
2	1	0	0	1	1	19	19	0.15789473684210528	0.0013850415512465378	0
2	1	0	0	2	1	7	7	0	0	0
2	1	0	0	3	1	3	3	0	0	0
2	1	0	1	0	0	4	4	0.25	0.1875	0
2	1	0	1	1	0	12	12	0	0	0
2	1	0	1	2	0	1	1	0	0	0
2	1	0	1	3	0	2	2	0	0	0
2	1	0	1	0	1	2	2	0	0	0
2	1	0	1	1	1	6	6	0	0	0
2	1	0	1	2	1	3	3	0	0	0
2	1	0	1	3	1	1	1	0	0	0
2	1	0	2	0	0	16	16	0	0	0
2	1	0	2	1	0	29	29	0.10344827586206896	0.00038219806352981145	0
2	1	0	2	2	0	11	11	0	0	0
2	1	0	2	3	0	6	6	0.16666666666666666	0.1388888888888889	0
2	1	0	2	0	1	3	3	0	0	0
2	1	0	2	1	1	14	14	0	0	0
2	1	0	2	2	1	1	1	0	0	0
2	1	0	3	0	0	33	33	0.15151515151515157	0.022497704315886137	0
2	1	0	3	1	0	52	52	0.096153846153846173	0.00018128553196426503	0
2	1	0	3	2	0	21	21	0	0	0
2	1	0	3	3	0	12	12	0.16666666666666669	0.0025252525252525259	0
2	1	0	3	0	1	14	14	0	0	0
2	1	0	3	1	1	13	13	0.15384615384615383	0.0019723865877712028	0
2	1	0	3	2	1	11	11	0.090909090909090898	0.00082644628099173552	0
2	1	0	4	0	0	4	4	0	0	0
2	1	0	4	1	0	7	7	0.14285714285714285	0.12244897959183673	0
2	1	0	4	2	0	1	1	1	0	0
2	1	0	4	3	0	1	1	0	0	0
2	1	0	4	0	1	1	1	0	0	0
2	1	0	4	1	1	4	4	0	0	0
2	1	0	4	2	1	2	2	0	0	0
2	1	0	4	3	1	1	1	0	0	0
2	1	1	0	0	0	22	22	0.090909090909090912	0.039354584809130261	0
2	1	1	0	1	0	66	66	0	0	0
2	1	1	0	2	0	31	31	0	0	0
2	1	1	0	3	0	5	5	0	0	0
2	1	1	0	0	1	3	3	0	0	0
2	1	1	0	1	1	23	23	0.043478260869565209	8.5925416738271158e-005	0
2	1	1	0	2	1	10	10	0	0	0
2	1	1	0	3	1	2	2	0	0	0
2	1	1	1	0	0	4	4	0	0	0
2	1	1	1	1	0	10	10	0	0	0
2	1	1	1	2	0	4	4	0	0	0
2	1	1	1	3	0	1	1	0	0	0
2	1	1	1	0	1	3	3	0	0	0
2	1	1	1	1	1	2	2	0	0	0
2	1	1	1	2	1	2	2	0	0	0
2	1	1	2	0	0	11	11	0	0	0
2	1	1	2	1	0	29	29	0	0	0
2	1	1	2	2	0	4	4	0	0	0
2	1	1	2	3	0	4	4	0	0	0
2	1	1	2	0	1	9	9	0	0	0
2	1	1	2	1	1	7	7	0.28571428571428575	0.013605442176870751	0
2	1	1	2	2	1	1	1	0	0	0
2	1	1	2	3	1	4	4	0	0	0
2	1	1	3	0	0	32	32	0.031250000000000007	3.1502016129032271e-005	0
2	1	1	3	1	0	68	68	0.044117647058823532	2.9050250477715237e-005	0
2	1	1	3	2	0	21	21	0	0	0
2	1	1	3	3	0	4	4	0	0	0
2	1	1	3	0	1	6	6	0	0	0
2	1	1	3	1	1	16	16	0.0625	0.00026041666666666666	0
2	1	1	3	2	1	5	5	0	0	0
2	1	1	3	3	1	4	4	0	0	0
2	1	1	4	0	0	5	5	0.20000000000000001	0.010000000000000002	0
2	1	1	4	1	0	3	3	0	0	0
2	1	1	4	2	0	1	1	0	0	0
2	1	1	4	3	0	1	1	0	0	0
2	1	1	4	0	1	2	2	0.5	0.25	0
2	1	1	4	1	1	3	3	0	0	0
2	1	1	4	3	1	1	1	0	0	0
2	2	0	0	0	0	22	22	0.090909090909090912	0.00039354584809130262	0
2	2	0	0	1	0	53	53	0.169811320754717	0.0005545362433934882	0
2	2	0	0	2	0	23	23	0.086956521739130432	0.00034370166695308463	0
2	2	0	0	3	0	11	11	0.18181818181818185	0.0033057851239669429	0
2	2	0	0	0	1	10	10	0.099999999999999992	0.0011111111111111109	0
2	2	0	0	1	1	18	18	0.22222222222222227	0.00290486564996369	0
2	2	0	0	2	1	4	4	0	0	0
2	2	0	0	3	1	5	5	0.40000000000000002	0.040000000000000008	0
2	2	0	1	0	0	3	3	0	0	0
2	2	0	1	1	0	13	13	0.076923076923076927	0.00049309664694280092	0
2	2	0	1	2	0	3	3	0	0	0
2	2	0	1	3	0	2	2	0	0	0
2	2	0	1	2	1	1	1	0	0	0
2	2	0	1	3	1	1	1	0	0	0
2	2	0	2	0	0	4	4	0.25	0.020833333333333336	0
2	2	0	2	1	0	36	36	0.083333333333333343	0.00019841269841269844	0
2	2	0	2	2	0	10	10	0.19999999999999998	0.0044444444444444436	0
2	2	0	2	3	0	6	6	0	0	0
2	2	0	2	0	1	3	3	0.33333333333333331	0.22222222222222221	0
2	2	0	2	1	1	7	7	0	0	0
2	2	0	2	3	1	3	3	0.33333333333333337	0.055555555555555552	0
2	2	0	3	0	0	28	28	0.071428571428571452	0.00018896447467876051	0
2	2	0	3	1	0	66	66	0.13636363636363638	0.00028607755880483154	0
2	2	0	3	2	0	23	23	0.043478260869565209	8.5925416738271158e-005	0
2	2	0	3	3	0	10	10	0.099999999999999992	0.0011111111111111109	0
2	2	0	3	0	1	10	10	0.29999999999999999	0.01	0
2	2	0	3	1	1	23	23	0.21739130434782608	0.0021481354184567799	0
2	2	0	3	2	1	4	4	0	0	0
2	2	0	3	3	1	4	4	0	0	0
2	2	0	4	0	0	2	2	0.5	0.25	0
2	2	0	4	1	0	11	11	0	0	0
2	2	0	4	2	0	3	3	0	0	0
2	2	0	4	0	1	1	1	0	0	0
2	2	0	4	1	1	3	3	0.33333333333333331	0.22222222222222221	0
2	2	0	4	2	1	1	1	0	0	0
2	2	1	0	0	0	18	18	0.16666666666666666	0.04084967320261438	0
2	2	1	0	1	0	57	57	0.10526315789473685	0.00019786307874950537	0
2	2	1	0	2	0	19	19	0	0	0
2	2	1	0	3	0	7	7	0.14285714285714288	0.0034013605442176878	0
2	2	1	0	0	1	9	9	0	0	0
2	2	1	0	1	1	21	21	0.047619047619047623	0.00011337868480725626	0
2	2	1	0	2	1	6	6	0.16666666666666669	0.0055555555555555558	0
2	2	1	0	3	1	4	4	0	0	0
2	2	1	1	0	0	8	8	0	0	0
2	2	1	1	1	0	11	11	0	0	0
2	2	1	1	2	0	2	2	0	0	0
2	2	1	1	3	0	2	2	0	0	0
2	2	1	1	0	1	1	1	0	0	0
2	2	1	1	1	1	6	6	0	0	0
2	2	1	1	2	1	2	2	0	0	0
2	2	1	2	0	0	13	13	0	0	0
2	2	1	2	1	0	30	30	0.06666666666666668	0.00015325670498084296	0
2	2	1	2	2	0	8	8	0	0	0
2	2	1	2	3	0	4	4	0	0	0
2	2	1	2	0	1	3	3	0	0	0
2	2	1	2	1	1	7	7	0	0	0
2	2	1	2	2	1	3	3	0	0	0
2	2	1	2	3	1	2	2	0	0	0
2	2	1	3	0	0	28	28	0	0	0
2	2	1	3	1	0	61	61	0	0	0
2	2	1	3	2	0	24	24	0	0	0
2	2	1	3	3	0	12	12	0.16666666666666669	0.0025252525252525255	0
2	2	1	3	0	1	15	15	0	0	0
2	2	1	3	1	1	21	21	0.04761904761904763	0.00011337868480725631	0
2	2	1	3	2	1	4	4	0	0	0
2	2	1	3	3	1	4	4	0	0	0
2	2	1	4	0	0	4	4	0	0	0
2	2	1	4	1	0	4	4	0	0	0
2	2	1	4	2	0	1	1	0	0	0
2	2	1	4	3	0	1	1	0	0	0
2	2	1	4	0	1	1	1	1	0	0
2	2	1	4	1	1	1	1	1	0	0
2	2	1	4	2	1	1	1	1	0	0
2	2	1	4	3	1	1	1	1	0	0
